					BISECTION METHOD			
____________________________________________________________________________________________
Ite	a		 b		mid	     f(m)	      f(a)*f(m)      error
---------------------------------------------------------------------------------------------
0	0.000000	1.000000      0.500000	      0.106531	     0.106531	   0.500000
1	0.500000	1.000000      0.750000	      -0.277633	     -0.029576	   0.250000
2	0.500000	0.750000      0.625000	      -0.089739	     -0.009560	   0.125000
3	0.500000	0.625000      0.562500	      0.007283	     0.000776	   0.062500
4	0.562500	0.625000      0.593750	      -0.041498	     -0.000302	   0.031250
5	0.562500	0.593750      0.578125	      -0.017176	     -0.000125	   0.015625
6	0.562500	0.578125      0.570313	      -0.004964	     -0.000036	   0.007813
7	0.562500	0.570313      0.566406	      0.001155	     0.000008	   0.003906
8	0.566406	0.570313      0.568359	      -0.001905	     -0.000002	   0.001953
9	0.566406	0.568359      0.567383	      -0.000375      -0.000000	   0.000977
10	0.566406	0.567383      0.566895	      0.000390	     0.000000	   0.000488
-----------------------------------------------------------------------------------------------

Approximate Root is 0.566895
