
	Newton Raphson Multivariable
X		Y	  Error(X)	    Error(Y)
1.00000		2.00000		1.00000		2.00000
0.71429		1.42857		0.28571		0.57143
0.70482		1.21097		0.00946		0.21760
0.79036		1.22283		0.08553		0.01186
0.80885		1.26531		0.01849		0.04248
0.79659		1.26706		0.01226		0.00175
0.79170		1.26029		0.00489		0.00677
0.79288		1.25880		0.00118		0.00149
0.79390		1.25967		0.00102		0.00087
0.79387		1.26007		0.00003		0.00039
0.79370		1.25999		0.00017		0.00008
0.79367		1.25991		0.00002		0.00008
0.79370		1.25991		0.00003		0.00000
0.79370		1.25992		0.00001		0.00001

X = 0.79370

Y = 1.25992

No of iteration=13