		Power Method


Your Matrix
2.000000    -1.000000    0.000000    
-1.000000    2.000000    -1.000000    
0.000000    -1.000000    2.000000    

Column Vector
1.000000
0.000000
0.000000

X		Eigen value         	Error
0.000000     2.000000 		          0.500000
1.000000     2.000000 		          0.500000
-0.500000     2.000000 		          0.500000
0.000000     2.500000 		          0.300000
1.000000     2.500000 		          0.300000
-0.800000     2.500000 		          0.300000
0.000000     2.800000 		          0.228571
1.000000     2.800000 		          0.228571
-1.000000     2.800000 		          0.228571
0.000000     3.428571 		          0.125000
0.875000     3.428571 		          0.125000
-1.000000     3.428571 		          0.125000
0.000000     3.416667 		          0.070122
0.804878     3.416667 		          0.070122
-1.000000     3.416667 		          0.070122
0.000000     3.414634 		          0.040592
0.764286     3.414634 		          0.040592
-1.000000     3.414634 		          0.040592
0.000000     3.414286 		          0.023700
0.740586     3.414286 		          0.023700
-1.000000     3.414286 		          0.023700
0.000000     3.414226 		          0.013870
0.726716     3.414226 		          0.013870
-1.000000     3.414226 		          0.013870
0.000000     3.414216 		          0.008123
0.718593     3.414216 		          0.008123
-1.000000     3.414216 		          0.008123
0.000000     3.414214 		          0.004758
0.713835     3.414214 		          0.004758
-1.000000     3.414214 		          0.004758
0.000000     3.414214 		          0.002787
0.711048     3.414214 		          0.002787
-1.000000     3.414214 		          0.002787
0.000000     3.414213 		          0.001633
0.709416     3.414213 		          0.001633
-1.000000     3.414213 		          0.001633
0.000000     3.414214 		          0.000956
0.708459     3.414214 		          0.000956
-1.000000     3.414214 		          0.000956

 The required eigen value is 3.414214

 The required eigen vector is : 
X[1]     0.708459
X[2]     -1.000000
X[3]     0.705754
