	Runge Kutta Method (2nd Order) 
x		y(approx)		y(exact)	Error
__________________________________________________________________________
0.000000	0.500000	0.640859	0.093359
0.100000	0.547500	0.640859	0.051372
0.200000	0.589487	0.640859	0.015475
0.300000	0.625384	0.640859	0.013690
0.400000	0.654549	0.640859	0.035418
0.500000	0.676277	0.640859	0.048927
0.600000	0.689786	0.640859	0.053354
0.700000	0.694213	0.640859	0.047746
0.800000	0.688606	0.640859	0.031050
0.900000	0.671909	0.640859	0.002100
1.000000	0.642960	0.640859	0.002100
__________________________________________________________________________
The value of y is 0.642960

