Fixed Point Iteration
---------------------------------------

Itr.    Rn     Rn+1      Error
---------------------------------------

0    1.000000     2.645751      1.645751

1    2.645751     2.940366      0.294615

2    2.940366     2.990044      0.049679

3    2.990044     2.998340      0.008296

4    2.998340     2.999723      0.001383

5    2.999723     2.999954      0.000231

6    2.999954     2.999992      0.000038

7    2.999992     2.999999      0.000006

8    2.999999     3.000000      0.000001

Approxiamte Root Of the Eqn:3.000000